%Fileswrittenbyheat1d.C
xa=0;xb=1;kappa=0.1;t=0.2;maxErr500= 8.903e-06;cpuTimeStep= 6.214e-02;
Nx=500;dx500=  2.000000e-03;numGhost=1;n1a=0;n1b=500;nd1a=-1;nd1b=501;
solutionName='trueNN';
x500=[-2.000000000000000e-03 0.000000000000000e+00 2.000000000000000e-03 4.000000000000000e-03 6.000000000000000e-03 8.000000000000000e-03 1.000000000000000e-02 1.200000000000000e-02 ...
1.400000000000000e-02 1.600000000000000e-02 1.800000000000000e-02 2.000000000000000e-02 2.200000000000000e-02 2.400000000000000e-02 2.600000000000000e-02 2.800000000000000e-02 ...
3.000000000000000e-02 3.200000000000000e-02 3.400000000000000e-02 3.600000000000000e-02 3.800000000000000e-02 4.000000000000000e-02 4.200000000000000e-02 4.400000000000000e-02 ...
4.600000000000000e-02 4.800000000000000e-02 5.000000000000000e-02 5.200000000000000e-02 5.400000000000000e-02 5.600000000000000e-02 5.800000000000000e-02 6.000000000000000e-02 ...
6.200000000000000e-02 6.400000000000000e-02 6.600000000000000e-02 6.800000000000000e-02 7.000000000000001e-02 7.200000000000001e-02 7.400000000000000e-02 7.600000000000000e-02 ...
7.800000000000000e-02 8.000000000000000e-02 8.200000000000000e-02 8.400000000000001e-02 8.600000000000001e-02 8.799999999999999e-02 9.000000000000000e-02 9.200000000000000e-02 ...
9.400000000000000e-02 9.600000000000000e-02 9.800000000000000e-02 1.000000000000000e-01 1.020000000000000e-01 1.040000000000000e-01 1.060000000000000e-01 1.080000000000000e-01 ...
1.100000000000000e-01 1.120000000000000e-01 1.140000000000000e-01 1.160000000000000e-01 1.180000000000000e-01 1.200000000000000e-01 1.220000000000000e-01 1.240000000000000e-01 ...
1.260000000000000e-01 1.280000000000000e-01 1.300000000000000e-01 1.320000000000000e-01 1.340000000000000e-01 1.360000000000000e-01 1.380000000000000e-01 1.400000000000000e-01 ...
1.420000000000000e-01 1.440000000000000e-01 1.460000000000000e-01 1.480000000000000e-01 1.500000000000000e-01 1.520000000000000e-01 1.540000000000000e-01 1.560000000000000e-01 ...
1.580000000000000e-01 1.600000000000000e-01 1.620000000000000e-01 1.640000000000000e-01 1.660000000000000e-01 1.680000000000000e-01 1.700000000000000e-01 1.720000000000000e-01 ...
1.740000000000000e-01 1.760000000000000e-01 1.780000000000000e-01 1.800000000000000e-01 1.820000000000000e-01 1.840000000000000e-01 1.860000000000000e-01 1.880000000000000e-01 ...
1.900000000000000e-01 1.920000000000000e-01 1.940000000000000e-01 1.960000000000000e-01 1.980000000000000e-01 2.000000000000000e-01 2.020000000000000e-01 2.040000000000000e-01 ...
2.060000000000000e-01 2.080000000000000e-01 2.100000000000000e-01 2.120000000000000e-01 2.140000000000000e-01 2.160000000000000e-01 2.180000000000000e-01 2.200000000000000e-01 ...
2.220000000000000e-01 2.240000000000000e-01 2.260000000000000e-01 2.280000000000000e-01 2.300000000000000e-01 2.320000000000000e-01 2.340000000000000e-01 2.360000000000000e-01 ...
2.380000000000000e-01 2.400000000000000e-01 2.420000000000000e-01 2.440000000000000e-01 2.460000000000000e-01 2.480000000000000e-01 2.500000000000000e-01 2.520000000000000e-01 ...
2.540000000000000e-01 2.560000000000000e-01 2.580000000000000e-01 2.600000000000000e-01 2.620000000000000e-01 2.640000000000000e-01 2.660000000000000e-01 2.680000000000000e-01 ...
2.700000000000000e-01 2.720000000000000e-01 2.740000000000000e-01 2.760000000000000e-01 2.780000000000000e-01 2.800000000000000e-01 2.820000000000000e-01 2.840000000000000e-01 ...
2.860000000000000e-01 2.880000000000000e-01 2.900000000000000e-01 2.920000000000000e-01 2.940000000000000e-01 2.960000000000000e-01 2.980000000000000e-01 3.000000000000000e-01 ...
3.020000000000000e-01 3.040000000000000e-01 3.060000000000000e-01 3.080000000000000e-01 3.100000000000000e-01 3.120000000000000e-01 3.140000000000000e-01 3.160000000000000e-01 ...
3.180000000000000e-01 3.200000000000000e-01 3.220000000000000e-01 3.240000000000000e-01 3.260000000000000e-01 3.280000000000000e-01 3.300000000000000e-01 3.320000000000000e-01 ...
3.340000000000000e-01 3.360000000000000e-01 3.380000000000000e-01 3.400000000000000e-01 3.420000000000000e-01 3.440000000000000e-01 3.460000000000000e-01 3.480000000000000e-01 ...
3.500000000000000e-01 3.520000000000000e-01 3.540000000000000e-01 3.560000000000000e-01 3.580000000000000e-01 3.600000000000000e-01 3.620000000000000e-01 3.640000000000000e-01 ...
3.660000000000000e-01 3.680000000000000e-01 3.700000000000000e-01 3.720000000000000e-01 3.740000000000000e-01 3.760000000000000e-01 3.780000000000000e-01 3.800000000000000e-01 ...
3.820000000000000e-01 3.840000000000000e-01 3.860000000000000e-01 3.880000000000000e-01 3.900000000000000e-01 3.920000000000000e-01 3.940000000000000e-01 3.960000000000000e-01 ...
3.980000000000000e-01 4.000000000000000e-01 4.020000000000000e-01 4.040000000000000e-01 4.060000000000000e-01 4.080000000000000e-01 4.100000000000000e-01 4.120000000000000e-01 ...
4.140000000000000e-01 4.160000000000000e-01 4.180000000000000e-01 4.200000000000000e-01 4.220000000000000e-01 4.240000000000000e-01 4.260000000000000e-01 4.280000000000000e-01 ...
4.300000000000000e-01 4.320000000000000e-01 4.340000000000000e-01 4.360000000000000e-01 4.380000000000000e-01 4.400000000000000e-01 4.420000000000000e-01 4.440000000000000e-01 ...
4.460000000000000e-01 4.480000000000000e-01 4.500000000000000e-01 4.520000000000000e-01 4.540000000000000e-01 4.560000000000000e-01 4.580000000000000e-01 4.600000000000000e-01 ...
4.620000000000000e-01 4.640000000000000e-01 4.660000000000000e-01 4.680000000000000e-01 4.700000000000000e-01 4.720000000000000e-01 4.740000000000000e-01 4.760000000000000e-01 ...
4.780000000000000e-01 4.800000000000000e-01 4.820000000000000e-01 4.840000000000000e-01 4.860000000000000e-01 4.880000000000000e-01 4.900000000000000e-01 4.920000000000000e-01 ...
4.940000000000000e-01 4.960000000000000e-01 4.980000000000000e-01 5.000000000000000e-01 5.020000000000000e-01 5.040000000000000e-01 5.060000000000000e-01 5.080000000000000e-01 ...
5.100000000000000e-01 5.120000000000000e-01 5.140000000000000e-01 5.160000000000000e-01 5.180000000000000e-01 5.200000000000000e-01 5.220000000000000e-01 5.240000000000000e-01 ...
5.260000000000000e-01 5.280000000000000e-01 5.300000000000000e-01 5.320000000000000e-01 5.340000000000000e-01 5.360000000000000e-01 5.380000000000000e-01 5.400000000000000e-01 ...
5.420000000000000e-01 5.440000000000000e-01 5.460000000000000e-01 5.480000000000000e-01 5.500000000000000e-01 5.520000000000000e-01 5.540000000000000e-01 5.560000000000000e-01 ...
5.580000000000001e-01 5.600000000000001e-01 5.620000000000001e-01 5.640000000000001e-01 5.660000000000001e-01 5.680000000000001e-01 5.700000000000001e-01 5.720000000000001e-01 ...
5.740000000000001e-01 5.760000000000001e-01 5.780000000000000e-01 5.800000000000000e-01 5.820000000000000e-01 5.840000000000000e-01 5.860000000000000e-01 5.880000000000000e-01 ...
5.900000000000000e-01 5.920000000000000e-01 5.940000000000000e-01 5.960000000000000e-01 5.980000000000000e-01 6.000000000000000e-01 6.020000000000000e-01 6.040000000000000e-01 ...
6.060000000000000e-01 6.080000000000000e-01 6.100000000000000e-01 6.120000000000000e-01 6.140000000000000e-01 6.160000000000000e-01 6.180000000000000e-01 6.200000000000000e-01 ...
6.220000000000000e-01 6.240000000000000e-01 6.260000000000000e-01 6.280000000000000e-01 6.300000000000000e-01 6.320000000000000e-01 6.340000000000000e-01 6.360000000000000e-01 ...
6.380000000000000e-01 6.400000000000000e-01 6.420000000000000e-01 6.440000000000000e-01 6.460000000000000e-01 6.480000000000000e-01 6.500000000000000e-01 6.520000000000000e-01 ...
6.540000000000000e-01 6.560000000000000e-01 6.580000000000000e-01 6.600000000000000e-01 6.620000000000000e-01 6.640000000000000e-01 6.660000000000000e-01 6.680000000000000e-01 ...
6.700000000000000e-01 6.720000000000000e-01 6.740000000000000e-01 6.760000000000000e-01 6.780000000000000e-01 6.800000000000000e-01 6.820000000000001e-01 6.840000000000001e-01 ...
6.860000000000001e-01 6.880000000000001e-01 6.900000000000001e-01 6.920000000000001e-01 6.940000000000001e-01 6.960000000000001e-01 6.980000000000001e-01 7.000000000000001e-01 ...
7.020000000000001e-01 7.040000000000000e-01 7.060000000000000e-01 7.080000000000000e-01 7.100000000000000e-01 7.120000000000000e-01 7.140000000000000e-01 7.160000000000000e-01 ...
7.180000000000000e-01 7.200000000000000e-01 7.220000000000000e-01 7.240000000000000e-01 7.260000000000000e-01 7.280000000000000e-01 7.300000000000000e-01 7.320000000000000e-01 ...
7.340000000000000e-01 7.360000000000000e-01 7.380000000000000e-01 7.400000000000000e-01 7.420000000000000e-01 7.440000000000000e-01 7.460000000000000e-01 7.480000000000000e-01 ...
7.500000000000000e-01 7.520000000000000e-01 7.540000000000000e-01 7.560000000000000e-01 7.580000000000000e-01 7.600000000000000e-01 7.620000000000000e-01 7.640000000000000e-01 ...
7.660000000000000e-01 7.680000000000000e-01 7.700000000000000e-01 7.720000000000000e-01 7.740000000000000e-01 7.760000000000000e-01 7.780000000000000e-01 7.800000000000000e-01 ...
7.820000000000000e-01 7.840000000000000e-01 7.860000000000000e-01 7.880000000000000e-01 7.900000000000000e-01 7.920000000000000e-01 7.940000000000000e-01 7.960000000000000e-01 ...
7.980000000000000e-01 8.000000000000000e-01 8.020000000000000e-01 8.040000000000000e-01 8.060000000000000e-01 8.080000000000001e-01 8.100000000000001e-01 8.120000000000001e-01 ...
8.140000000000001e-01 8.160000000000001e-01 8.180000000000001e-01 8.200000000000001e-01 8.220000000000001e-01 8.240000000000001e-01 8.260000000000001e-01 8.280000000000001e-01 ...
8.300000000000001e-01 8.320000000000001e-01 8.340000000000000e-01 8.360000000000000e-01 8.380000000000000e-01 8.400000000000000e-01 8.420000000000000e-01 8.440000000000000e-01 ...
8.460000000000000e-01 8.480000000000000e-01 8.500000000000000e-01 8.520000000000000e-01 8.540000000000000e-01 8.560000000000000e-01 8.580000000000000e-01 8.600000000000000e-01 ...
8.620000000000000e-01 8.640000000000000e-01 8.660000000000000e-01 8.680000000000000e-01 8.700000000000000e-01 8.720000000000000e-01 8.740000000000000e-01 8.760000000000000e-01 ...
8.780000000000000e-01 8.800000000000000e-01 8.820000000000000e-01 8.840000000000000e-01 8.860000000000000e-01 8.880000000000000e-01 8.900000000000000e-01 8.920000000000000e-01 ...
8.940000000000000e-01 8.960000000000000e-01 8.980000000000000e-01 9.000000000000000e-01 9.020000000000000e-01 9.040000000000000e-01 9.060000000000000e-01 9.080000000000000e-01 ...
9.100000000000000e-01 9.120000000000000e-01 9.140000000000000e-01 9.160000000000000e-01 9.180000000000000e-01 9.200000000000000e-01 9.220000000000000e-01 9.240000000000000e-01 ...
9.260000000000000e-01 9.280000000000000e-01 9.300000000000000e-01 9.320000000000001e-01 9.340000000000001e-01 9.360000000000001e-01 9.380000000000001e-01 9.400000000000001e-01 ...
9.420000000000001e-01 9.440000000000001e-01 9.460000000000001e-01 9.480000000000001e-01 9.500000000000001e-01 9.520000000000001e-01 9.540000000000001e-01 9.560000000000001e-01 ...
9.580000000000001e-01 9.600000000000000e-01 9.620000000000000e-01 9.640000000000000e-01 9.660000000000000e-01 9.680000000000000e-01 9.700000000000000e-01 9.720000000000000e-01 ...
9.740000000000000e-01 9.760000000000000e-01 9.780000000000000e-01 9.800000000000000e-01 9.820000000000000e-01 9.840000000000000e-01 9.860000000000000e-01 9.880000000000000e-01 ...
9.900000000000000e-01 9.920000000000000e-01 9.940000000000000e-01 9.960000000000000e-01 9.980000000000000e-01 1.000000000000000e+00 1.002000000000000e+00 ];
u500=[1.692033813380832e-01 1.692334452567205e-01 1.692033813380832e-01 1.691132002637383e-01 1.689629340745921e-01 1.687526361595063e-01 1.684823812363285e-01 1.681522653253462e-01 ...
1.677624057151707e-01 1.673129409210651e-01 1.668040306357305e-01 1.662358556725681e-01 1.656086179014369e-01 1.649225401769303e-01 1.641778662591969e-01 1.633748607273340e-01 ...
1.625138088853834e-01 1.615950166609644e-01 1.606188104965795e-01 1.595855372336307e-01 1.584955639891880e-01 1.573492780255554e-01 1.561470866126775e-01 1.548894168834388e-01 ...
1.535767156819057e-01 1.522094494045644e-01 1.507881038346131e-01 1.493131839693645e-01 1.477852138408240e-01 1.462047363295026e-01 1.445723129715345e-01 1.428885237591657e-01 ...
1.411539669346859e-01 1.393692587778754e-01 1.375350333870443e-01 1.356519424537401e-01 1.337206550312048e-01 1.317418572966635e-01 1.297162523075293e-01 1.276445597516093e-01 ...
1.255275156914043e-01 1.233658723025882e-01 1.211603976067641e-01 1.189118751985899e-01 1.166211039673706e-01 1.142888978132168e-01 1.119160853578700e-01 1.095035096502973e-01 ...
1.070520278671596e-01 1.045625110082617e-01 1.020358435870892e-01 9.947292331654596e-02 9.687466079000041e-02 9.424197915775633e-02 9.157581379906175e-02 8.887711198977345e-02 ...
8.614683256579403e-02 8.338594558240231e-02 8.059543196959716e-02 7.777628318357789e-02 7.492950085448442e-02 7.205609643052305e-02 6.915709081860349e-02 6.623351402161574e-02 ...
6.328640477247481e-02 6.031681016506391e-02 5.732578528220696e-02 5.431439282080274e-02 5.128370271425368e-02 4.823479175232365e-02 4.516874319855967e-02 4.208664640541354e-02 ...
3.898959642720012e-02 3.587869363102965e-02 3.275504330585274e-02 2.961975526975624e-02 2.647394347565037e-02 2.331872561548640e-02 2.015522272314613e-02 1.698455877614378e-02 ...
1.380786029628225e-02 1.062625594940520e-02 7.440876144387514e-03 4.252852631506330e-03 1.063318100335631e-03 -2.126594222693003e-03 -5.315750976920343e-03 -8.503019070137159e-03 ...
-1.168726608116648e-02 -1.486736066220747e-02 -1.804217294079786e-02 -2.121057492125232e-02 -2.437144088543393e-02 -2.752364779271642e-02 -3.066607567899526e-02 -3.379760805460549e-02 ...
-3.691713230100522e-02 -4.002354006608368e-02 -4.311572765795348e-02 -4.619259643708703e-02 -4.925305320665798e-02 -5.229601060094884e-02 -5.532038747168679e-02 -5.832510927217062e-02 ...
-6.130910843905193e-02 -6.427132477163540e-02 -6.721070580856300e-02 -7.012620720174856e-02 -7.301679308742950e-02 -7.588143645420460e-02 -7.871911950792591e-02 -8.152883403331646e-02 ...
-8.430958175218409e-02 -8.706037467810523e-02 -8.978023546745148e-02 -9.246819776663533e-02 -9.512330655545091e-02 -9.774461848638821e-02 -1.003312022197998e-01 -1.028821387548016e-01 ...
-1.053965217557893e-01 -1.078734578744551e-01 -1.103120670671903e-01 -1.127114829077605e-01 -1.150708528951425e-01 -1.173893387564144e-01 -1.196661167445893e-01 -1.219003779312892e-01 ...
-1.240913284941531e-01 -1.262381899988785e-01 -1.283401996757954e-01 -1.303966106908745e-01 -1.324066924110740e-01 -1.343697306639300e-01 -1.362850279912983e-01 -1.381519038971586e-01 ...
-1.399696950893908e-01 -1.417377557154400e-01 -1.434554575917846e-01 -1.451221904271268e-01 -1.467373620392268e-01 -1.483003985653015e-01 -1.498107446659158e-01 -1.512678637222918e-01 ...
-1.526712380269671e-01 -1.540203689677335e-01 -1.553147772047918e-01 -1.565540028410590e-01 -1.577376055855670e-01 -1.588651649098968e-01 -1.599362801975892e-01 -1.609505708864830e-01 ...
-1.619076766039259e-01 -1.628072572948140e-01 -1.636489933424111e-01 -1.644325856819078e-01 -1.651577559066768e-01 -1.658242463671903e-01 -1.664318202625612e-01 -1.669802617246776e-01 ...
-1.674693758948995e-01 -1.678989889932911e-01 -1.682689483803642e-01 -1.685791226113103e-01 -1.688294014827020e-01 -1.690196960716479e-01 -1.691499387673868e-01 -1.692200832953091e-01 ...
-1.692301047333980e-01 -1.691799995210841e-01 -1.690697854605111e-01 -1.688995017102096e-01 -1.686692087711854e-01 -1.683789884654231e-01 -1.680289439068154e-01 -1.676191994645274e-01 ...
-1.671499007188081e-01 -1.666212144092675e-01 -1.660333283756339e-01 -1.653864514910156e-01 -1.646808135876898e-01 -1.639166653754433e-01 -1.630942783524975e-01 -1.622139447090457e-01 ...
-1.612759772234396e-01 -1.602807091510606e-01 -1.592284941059158e-01 -1.581197059350004e-01 -1.569547385854719e-01 -1.557340059646826e-01 -1.544579417931198e-01 -1.531269994503076e-01 ...
-1.517416518137231e-01 -1.503023910907849e-01 -1.488097286439748e-01 -1.472641948091525e-01 -1.456663387071303e-01 -1.440167280485730e-01 -1.423159489322927e-01 -1.405646056370109e-01 ...
-1.387633204066613e-01 -1.369127332293090e-01 -1.350135016097666e-01 -1.330663003359849e-01 -1.310718212393047e-01 -1.290307729486522e-01 -1.269438806387662e-01 -1.248118857725476e-01 ...
-1.226355458376205e-01 -1.204156340772010e-01 -1.181529392153670e-01 -1.158482651768290e-01 -1.135024308012989e-01 -1.111162695525603e-01 -1.086906292223428e-01 -1.062263716291060e-01 ...
-1.037243723118387e-01 -1.011855202189849e-01 -9.861071739260403e-02 -9.600087864788019e-02 -9.335693124809223e-02 -9.067981457516190e-02 -8.797047979589563e-02 -8.522988952403973e-02 ...
-8.245901747826807e-02 -7.965884813622477e-02 -7.683037638474365e-02 -7.397460716636994e-02 -7.109255512230886e-02 -6.818524423192840e-02 -6.525370744894442e-02 -6.229898633441706e-02 ...
-5.932213068668906e-02 -5.632419816839741e-02 -5.330625393069084e-02 -5.026937023478671e-02 -4.721462607100171e-02 -4.414310677539170e-02 -4.105590364413699e-02 -3.795411354581007e-02 ...
-3.483883853166329e-02 -3.171118544407547e-02 -2.857226552329591e-02 -2.542319401262615e-02 -2.226508976217923e-02 -1.909907483135767e-02 -1.592627409019103e-02 -1.274781481967497e-02 ...
-9.564826311253707e-03 -6.378439465588107e-03 -3.189786390752074e-03 4.891078963162626e-17 3.189786390752171e-03 6.378439465588204e-03 9.564826311253802e-03 1.274781481967507e-02 ...
1.592627409019112e-02 1.909907483135776e-02 2.226508976217933e-02 2.542319401262624e-02 2.857226552329601e-02 3.171118544407556e-02 3.483883853166339e-02 3.795411354581014e-02 ...
4.105590364413709e-02 4.414310677539179e-02 4.721462607100180e-02 5.026937023478681e-02 5.330625393069092e-02 5.632419816839750e-02 5.932213068668915e-02 6.229898633441715e-02 ...
6.525370744894451e-02 6.818524423192848e-02 7.109255512230894e-02 7.397460716637003e-02 7.683037638474373e-02 7.965884813622486e-02 8.245901747826816e-02 8.522988952403981e-02 ...
8.797047979589571e-02 9.067981457516198e-02 9.335693124809233e-02 9.600087864788026e-02 9.861071739260412e-02 1.011855202189850e-01 1.037243723118388e-01 1.062263716291061e-01 ...
1.086906292223429e-01 1.111162695525603e-01 1.135024308012990e-01 1.158482651768291e-01 1.181529392153671e-01 1.204156340772010e-01 1.226355458376206e-01 1.248118857725477e-01 ...
1.269438806387663e-01 1.290307729486523e-01 1.310718212393048e-01 1.330663003359850e-01 1.350135016097666e-01 1.369127332293091e-01 1.387633204066613e-01 1.405646056370110e-01 ...
1.423159489322928e-01 1.440167280485731e-01 1.456663387071304e-01 1.472641948091526e-01 1.488097286439749e-01 1.503023910907850e-01 1.517416518137232e-01 1.531269994503077e-01 ...
1.544579417931199e-01 1.557340059646827e-01 1.569547385854720e-01 1.581197059350005e-01 1.592284941059159e-01 1.602807091510607e-01 1.612759772234397e-01 1.622139447090457e-01 ...
1.630942783524975e-01 1.639166653754434e-01 1.646808135876898e-01 1.653864514910157e-01 1.660333283756339e-01 1.666212144092676e-01 1.671499007188082e-01 1.676191994645274e-01 ...
1.680289439068155e-01 1.683789884654232e-01 1.686692087711854e-01 1.688995017102096e-01 1.690697854605111e-01 1.691799995210842e-01 1.692301047333981e-01 1.692200832953092e-01 ...
1.691499387673869e-01 1.690196960716480e-01 1.688294014827020e-01 1.685791226113104e-01 1.682689483803643e-01 1.678989889932912e-01 1.674693758948996e-01 1.669802617246777e-01 ...
1.664318202625613e-01 1.658242463671903e-01 1.651577559066768e-01 1.644325856819078e-01 1.636489933424111e-01 1.628072572948140e-01 1.619076766039259e-01 1.609505708864830e-01 ...
1.599362801975893e-01 1.588651649098968e-01 1.577376055855671e-01 1.565540028410590e-01 1.553147772047919e-01 1.540203689677336e-01 1.526712380269671e-01 1.512678637222918e-01 ...
1.498107446659158e-01 1.483003985653016e-01 1.467373620392269e-01 1.451221904271269e-01 1.434554575917847e-01 1.417377557154401e-01 1.399696950893909e-01 1.381519038971587e-01 ...
1.362850279912984e-01 1.343697306639300e-01 1.324066924110741e-01 1.303966106908746e-01 1.283401996757955e-01 1.262381899988786e-01 1.240913284941531e-01 1.219003779312892e-01 ...
1.196661167445893e-01 1.173893387564144e-01 1.150708528951425e-01 1.127114829077605e-01 1.103120670671903e-01 1.078734578744551e-01 1.053965217557893e-01 1.028821387548017e-01 ...
1.003312022197999e-01 9.774461848638827e-02 9.512330655545097e-02 9.246819776663537e-02 8.978023546745152e-02 8.706037467810529e-02 8.430958175218414e-02 8.152883403331650e-02 ...
7.871911950792596e-02 7.588143645420464e-02 7.301679308742955e-02 7.012620720174860e-02 6.721070580856305e-02 6.427132477163544e-02 6.130910843905198e-02 5.832510927217065e-02 ...
5.532038747168685e-02 5.229601060094888e-02 4.925305320665803e-02 4.619259643708708e-02 4.311572765795352e-02 4.002354006608374e-02 3.691713230100526e-02 3.379760805460554e-02 ...
3.066607567899530e-02 2.752364779271647e-02 2.437144088543397e-02 2.121057492125237e-02 1.804217294079791e-02 1.486736066220751e-02 1.168726608116653e-02 8.503019070137206e-03 ...
5.315750976920391e-03 2.126594222693052e-03 -1.063318100335581e-03 -4.252852631506278e-03 -7.440876144387462e-03 -1.062625594940516e-02 -1.380786029628219e-02 -1.698455877614373e-02 ...
-2.015522272314607e-02 -2.331872561548635e-02 -2.647394347565032e-02 -2.961975526975619e-02 -3.275504330585267e-02 -3.587869363102961e-02 -3.898959642720005e-02 -4.208664640541350e-02 ...
-4.516874319855962e-02 -4.823479175232360e-02 -5.128370271425363e-02 -5.431439282080268e-02 -5.732578528220690e-02 -6.031681016506384e-02 -6.328640477247476e-02 -6.623351402161569e-02 ...
-6.915709081860344e-02 -7.205609643052299e-02 -7.492950085448438e-02 -7.777628318357782e-02 -8.059543196959711e-02 -8.338594558240225e-02 -8.614683256579399e-02 -8.887711198977340e-02 ...
-9.157581379906171e-02 -9.424197915775626e-02 -9.687466079000037e-02 -9.947292331654589e-02 -1.020358435870892e-01 -1.045625110082616e-01 -1.070520278671596e-01 -1.095035096502972e-01 ...
-1.119160853578699e-01 -1.142888978132167e-01 -1.166211039673705e-01 -1.189118751985899e-01 -1.211603976067641e-01 -1.233658723025881e-01 -1.255275156914042e-01 -1.276445597516092e-01 ...
-1.297162523075292e-01 -1.317418572966635e-01 -1.337206550312047e-01 -1.356519424537400e-01 -1.375350333870442e-01 -1.393692587778753e-01 -1.411539669346858e-01 -1.428885237591657e-01 ...
-1.445723129715344e-01 -1.462047363295026e-01 -1.477852138408240e-01 -1.493131839693645e-01 -1.507881038346130e-01 -1.522094494045644e-01 -1.535767156819056e-01 -1.548894168834388e-01 ...
-1.561470866126774e-01 -1.573492780255554e-01 -1.584955639891880e-01 -1.595855372336307e-01 -1.606188104965795e-01 -1.615950166609644e-01 -1.625138088853833e-01 -1.633748607273340e-01 ...
-1.641778662591969e-01 -1.649225401769303e-01 -1.656086179014369e-01 -1.662358556725680e-01 -1.668040306357304e-01 -1.673129409210650e-01 -1.677624057151706e-01 -1.681522653253462e-01 ...
-1.684823812363285e-01 -1.687526361595063e-01 -1.689629340745921e-01 -1.691132002637383e-01 -1.692033813380832e-01 -1.692334452567205e-01 -1.692033813380832e-01 ];
err500=[8.901192714017014e-06 8.902774270652669e-06 8.901192714017014e-06 8.896448605966167e-06 8.888543632068480e-06 8.877480601021670e-06 8.863263443320557e-06 8.845897210368880e-06 ...
8.825388072203344e-06 8.801743315717259e-06 8.774971341718452e-06 8.745081662181464e-06 8.712084896778105e-06 8.675992769130447e-06 8.636818102508714e-06 8.594574815584677e-06 ...
8.549277917130338e-06 8.500943500966418e-06 8.449588739994907e-06 8.395231880453657e-06 8.337892234921984e-06 8.277590176047900e-06 8.214347128776556e-06 8.148185563078281e-06 ...
8.079128985843953e-06 8.007201932530572e-06 7.932429958584786e-06 7.854839629950483e-06 7.774458514214766e-06 7.691315170421653e-06 7.605439138969050e-06 7.516860931172653e-06 ...
7.425612018524541e-06 7.331724821230123e-06 7.235232697050398e-06 7.136169929145009e-06 7.034571714026328e-06 6.930474149097199e-06 6.823914219661331e-06 6.714929786044710e-06 ...
6.603559569801076e-06 6.489843140375373e-06 6.373820900490434e-06 6.255534072449609e-06 6.135024682912826e-06 6.012335548297165e-06 5.887510259497408e-06 5.760593166370676e-06 ...
5.631629361874113e-06 5.500664666327482e-06 5.367745610829200e-06 5.232919420811166e-06 5.096233999482558e-06 4.957737910496474e-06 4.817480360769233e-06 4.675511183258041e-06 ...
4.531880818864353e-06 4.386640298850719e-06 4.239841226369445e-06 4.091535758504738e-06 3.941776587468304e-06 3.790616921989232e-06 3.638110468343059e-06 3.484311411366958e-06 ...
3.329274395183490e-06 3.173054503625983e-06 3.015707240913712e-06 2.857288511806666e-06 2.697854601656224e-06 2.537462156629311e-06 2.376168163405190e-06 2.214029928913896e-06 ...
2.051105060171809e-06 1.887451443513544e-06 1.723127224337317e-06 1.558190786274394e-06 1.392700730490359e-06 1.226715854729665e-06 1.060295132675887e-06 8.934976928401395e-07 ...
7.263827974911263e-07 5.590098218263145e-07 3.914382326027435e-07 2.237275672370767e-07 5.593741256955040e-08 -1.118726164323590e-07 -2.796428976254914e-07 -4.473138229925400e-07 ...
-6.148258199223378e-07 -7.821193722060832e-07 -9.491350411276744e-07 -1.115813486919637e-06 -1.282095489503476e-06 -1.447921969616878e-06 -1.613234009989473e-06 -1.777972875996459e-06 ...
-1.942080036683447e-06 -2.105497185600491e-06 -2.268166261400195e-06 -2.430029468494799e-06 -2.591029297720204e-06 -2.751108546583669e-06 -2.910210339622521e-06 -3.068278148846137e-06 ...
-3.225255813393835e-06 -3.381087559956031e-06 -3.535718022237844e-06 -3.689092260728000e-06 -3.841155782266514e-06 -3.991854559445840e-06 -4.141135049692823e-06 -4.288944214461687e-06 ...
-4.435229537663732e-06 -4.579939044971337e-06 -4.723021321803578e-06 -4.864425531561634e-06 -5.004101434086250e-06 -5.141999403296404e-06 -5.278070444508787e-06 -5.412266212451167e-06 ...
-5.544539027971251e-06 -5.674841895231264e-06 -5.803128518167000e-06 -5.929353317168928e-06 -6.053471445124914e-06 -6.175438803573963e-06 -6.295212057957911e-06 -6.412748653497613e-06 ...
-6.528006830000543e-06 -6.640945636710027e-06 -6.751524947057330e-06 -6.859705472761490e-06 -6.965448777790373e-06 -7.068717292002535e-06 -7.169474324636438e-06 -7.267684077216785e-06 ...
-7.363311656183313e-06 -7.456323085630601e-06 -7.546685318965407e-06 -7.634366250924840e-06 -7.719334728956140e-06 -7.801560564069110e-06 -7.881014541855080e-06 -7.957668432756471e-06 ...
-8.031495001892264e-06 -8.102468019161035e-06 -8.170562268122739e-06 -8.235753555185799e-06 -8.298018718155831e-06 -8.357335634701091e-06 -8.413683229652191e-06 -8.467041482995707e-06 ...
-8.517391436840827e-06 -8.564715202052930e-06 -8.608995964692889e-06 -8.650217992151044e-06 -8.688366638254230e-06 -8.723428349149964e-06 -8.755390667414265e-06 -8.784242237103168e-06 ...
-8.809972807333200e-06 -8.832573236167152e-06 -8.852035493805976e-06 -8.868352665364343e-06 -8.881518953479661e-06 -8.891529680199461e-06 -8.898381288729995e-06 -8.902071344768503e-06 ...
-8.902598537308126e-06 -8.899962678887707e-06 -8.894164706202412e-06 -8.885206679049018e-06 -8.873091780325915e-06 -8.857824314312257e-06 -8.839409705474477e-06 -8.817854496551147e-06 ...
-8.793166345832937e-06 -8.765354024997674e-06 -8.734427415640900e-06 -8.700397505778668e-06 -8.663276386156049e-06 -8.623077245611954e-06 -8.579814366832528e-06 -8.533503120883301e-06 ...
-8.484159961824611e-06 -8.431802421215995e-06 -8.376449101316075e-06 -8.318119668948576e-06 -8.256834848258121e-06 -8.192616413466025e-06 -8.125487181043223e-06 -8.055471001799930e-06 ...
-7.982592752003859e-06 -7.906878325025790e-06 -7.828354621902678e-06 -7.747049541539930e-06 -7.662991971413291e-06 -7.576211776716413e-06 -7.486739790091290e-06 -7.394607800415010e-06 ...
-7.299848541864051e-06 -7.202495681785104e-06 -7.102583809343033e-06 -7.000148422725561e-06 -6.895225916708769e-06 -6.787853569667490e-06 -6.678069530613451e-06 -6.565912805331364e-06 ...
-6.451423242390120e-06 -6.334641519570305e-06 -6.215609128598643e-06 -6.094368361464486e-06 -5.970962294293836e-06 -5.845434772555613e-06 -5.717830395726708e-06 -5.588194500957822e-06 ...
-5.456573147391564e-06 -5.323013099273188e-06 -5.187561809907870e-06 -5.050267404702047e-06 -4.911178663358218e-06 -4.770345003637932e-06 -4.627816463181889e-06 -4.483643681468807e-06 ...
-4.337877882454322e-06 -4.190570856252296e-06 -4.041774940038989e-06 -3.891543000428266e-06 -3.739928414264737e-06 -3.586985049208735e-06 -3.432767245431512e-06 -3.277329795936534e-06 ...
-3.120727926637923e-06 -2.963017277569924e-06 -2.804253882708607e-06 -2.644494149654786e-06 -2.483794840572873e-06 -2.322213050860722e-06 -2.159806189894198e-06 -1.996631960245188e-06 ...
-1.832748336594303e-06 -1.668213546211772e-06 -1.503086047478092e-06 -1.337424509438578e-06 -1.171287790986686e-06 -1.004734919415884e-06 -8.378250703038048e-07 -6.706175460918784e-07 ...
-5.031717545019021e-07 -3.355471883880953e-07 -1.678034041046640e-07 7.999683377487239e-17 1.678034042633912e-07 3.355471885468225e-07 5.031717546597619e-07 6.706175462480035e-07 ...
8.378250704633994e-07 1.004734919568540e-06 1.171287791142811e-06 1.337424509594703e-06 1.503086047637686e-06 1.668213546350550e-06 1.832748336608181e-06 1.996631960231310e-06 ...
2.159806190053792e-06 2.322213050853783e-06 2.483794840579812e-06 2.644494149807441e-06 2.804253882708607e-06 2.963017277715640e-06 3.120727926790579e-06 3.277329795957351e-06 ...
3.432767245584167e-06 3.586985049347513e-06 3.739928414278615e-06 3.891543000567044e-06 4.041774940163889e-06 4.190570856266174e-06 4.337877882593100e-06 4.483643681607585e-06 ...
4.627816463181889e-06 4.770345003776710e-06 4.911178663372096e-06 5.050267404688169e-06 5.187561810032770e-06 5.323013099287066e-06 5.456573147391564e-06 5.588194501082722e-06 ...
5.717830395740586e-06 5.845434772625002e-06 5.970962294460369e-06 6.094368361714286e-06 6.215609128792932e-06 6.334641519653572e-06 6.451423242528898e-06 6.565912805372998e-06 ...
6.678069530724473e-06 6.787853569806268e-06 6.895225916736525e-06 7.000148422836583e-06 7.102583809509566e-06 7.202495681896126e-06 7.299848541975074e-06 7.394607800553787e-06 ...
7.486739790230068e-06 7.576211776882946e-06 7.662991971607580e-06 7.747049541678708e-06 7.828354622041456e-06 7.906878325220079e-06 7.982592752170392e-06 8.055471001938708e-06 ...
8.125487181209756e-06 8.192616413604803e-06 8.256834848396899e-06 8.318119669059598e-06 8.376449101399341e-06 8.431802421327017e-06 8.484159961935633e-06 8.533503120938812e-06 ...
8.579814366915794e-06 8.623077245695221e-06 8.663276386183805e-06 8.700397505889690e-06 8.734427415668655e-06 8.765354025080940e-06 8.793166345916203e-06 8.817854496578903e-06 ...
8.839409705529988e-06 8.857824314395524e-06 8.873091780353670e-06 8.885206679132285e-06 8.894164706230168e-06 8.899962678970974e-06 8.902598537363637e-06 8.902071344824014e-06 ...
8.898381288813262e-06 8.891529680254973e-06 8.881518953535172e-06 8.868352665447610e-06 8.852035493861488e-06 8.832573236250418e-06 8.809972807388711e-06 8.784242237130924e-06 ...
8.755390667469776e-06 8.723428349177720e-06 8.688366638309741e-06 8.650217992151044e-06 8.608995964748400e-06 8.564715202080686e-06 8.517391436840827e-06 8.467041483051219e-06 ...
8.413683229679947e-06 8.357335634673335e-06 8.298018718211342e-06 8.235753555130287e-06 8.170562268067227e-06 8.102468019188791e-06 8.031495001947775e-06 7.957668432728715e-06 ...
7.881014541938347e-06 7.801560564096865e-06 7.719334728956140e-06 7.634366250952596e-06 7.546685319020918e-06 7.456323085630601e-06 7.363311656266580e-06 7.267684077216785e-06 ...
7.169474324636438e-06 7.068717292058047e-06 6.965448777818128e-06 6.859705472733735e-06 6.751524947112841e-06 6.640945636710027e-06 6.528006829972788e-06 6.412748653539246e-06 ...
6.295212057957911e-06 6.175438803518452e-06 6.053471445180425e-06 5.929353317182806e-06 5.803128518125367e-06 5.674841895300653e-06 5.544539028026763e-06 5.412266212451167e-06 ...
5.278070444578176e-06 5.141999403282527e-06 5.004101434086250e-06 4.864425531603267e-06 4.723021321775822e-06 4.579939044971337e-06 4.435229537733121e-06 4.288944214447810e-06 ...
4.141135049678946e-06 3.991854559501351e-06 3.841155782252637e-06 3.689092260672489e-06 3.535718022293355e-06 3.381087559997664e-06 3.225255813421590e-06 3.068278148922465e-06 ...
2.910210339698849e-06 2.751108546555914e-06 2.591029297817349e-06 2.430029468550310e-06 2.268166261386317e-06 2.105497185711513e-06 1.942080036732019e-06 1.777972876142175e-06 ...
1.613234010086617e-06 1.447921969682797e-06 1.282095489635315e-06 1.115813487023720e-06 9.491350411866550e-07 7.821193723379222e-07 6.148258200611156e-07 4.473138230896845e-07 ...
2.796428977989637e-07 1.118726165694021e-07 -5.593741261942370e-08 -2.237275673611094e-07 -3.914382326131519e-07 -5.590098218783562e-07 -7.263827976090875e-07 -8.934976928470784e-07 ...
-1.060295132755684e-06 -1.226715854851096e-06 -1.392700730649954e-06 -1.558190786361130e-06 -1.723127224295684e-06 -1.887451443645383e-06 -2.051105060171809e-06 -2.214029928858385e-06 ...
-2.376168163523151e-06 -2.537462156677883e-06 -2.697854601600713e-06 -2.857288511917688e-06 -3.015707240941468e-06 -3.173054503556594e-06 -3.329274395294513e-06 -3.484311411408592e-06 ...
-3.638110468287548e-06 -3.790616922100254e-06 -3.941776587482182e-06 -4.091535758421472e-06 -4.239841226466590e-06 -4.386640298850719e-06 -4.531880818822720e-06 -4.675511183341308e-06 ...
-4.817480360783111e-06 -4.957737910385451e-06 -5.096233999565825e-06 -5.232919420783411e-06 -5.367745610718178e-06 -5.500664666369115e-06 -5.631629361860235e-06 -5.760593166273531e-06 ...
-5.887510259539042e-06 -6.012335548269410e-06 -6.135024682774048e-06 -6.255534072463487e-06 -6.373820900448801e-06 -6.489843140208840e-06 -6.603559569856587e-06 -6.714929785989199e-06 ...
-6.823914219550309e-06 -6.930474149069443e-06 -7.034571713998572e-06 -7.136169929006231e-06 -7.235232697050398e-06 -7.331724821230123e-06 -7.425612018385763e-06 -7.516860931061631e-06 ...
-7.605439138885783e-06 -7.691315170338386e-06 -7.774458514075988e-06 -7.854839629922727e-06 -7.932429958446008e-06 -8.007201932447305e-06 -8.079128985816197e-06 -8.148185563022770e-06 ...
-8.214347128637778e-06 -8.277590176020144e-06 -8.337892234949740e-06 -8.395231880453657e-06 -8.449588739967151e-06 -8.500943500966418e-06 -8.549277917102582e-06 -8.594574815584677e-06 ...
-8.636818102564225e-06 -8.675992769130447e-06 -8.712084896778105e-06 -8.745081662181464e-06 -8.774971341718452e-06 -8.801743315689503e-06 -8.825388072175588e-06 -8.845897210341125e-06 ...
-8.863263443292801e-06 -8.877480601021670e-06 -8.888543632040724e-06 -8.896448605966167e-06 -8.901192713961503e-06 -8.902774270652669e-06 -8.901192713961503e-06 ];
